1001,05 06 2024,c001,12,72000
1002,15 06 2024,c002,4,400000
1003,10 06 2024,c003,5,40000
1004,12 06 2024,c004,12,1560000
1005,13 06 2024,c005,22,2200000
1006,02 06 2024,c006,3,3000000
1007,01 06 2024,c007,7,8700
1008,08 06 2024,c008,14,308000
1009,18 06 2024,c009,17,442000
1010,29 06 2024,c010,5,425000
1011,30 06 2024,c009,3,78000
1012,25 06 2024,c002,6,6000000
1013,03 06 2024,c005,2,2000000
1014,07 06 2024,c009,4,360000
1015,09 06 2024,c010,15,1275000
1016,17 06 2024,c002,2,200000
1017,19 06 2024,c001,2,12000
1018,20 06 2024,c008,4,88000
1019,21 06 2024,c006,10,900000
1020,25 06 2024,c003,1,8000
1021,24 06 2024,c001,1,6000
1022,24 06 2024,c001,5,30000
